+0.0000 +0.3369 -0.0349 -0.0592 -0.1578 +0.0456 -0.0733 -0.2095 +0.0105 -0.0504 -0.0053 -0.0405 -0.0009 -0.0559 +0.2734 +0.2180 +0.0863 +0.0527
+0.3369 +0.0000 +0.0369 +0.2717 -0.1076 -0.0155 -0.0517 -0.1953 +0.1586 -0.0355 -0.0422 +0.0062 -0.0339 -0.0360 +0.2385 +0.0052 +0.0359 -0.0029
-0.0349 +0.0369 +0.0000 +0.4400 -0.0217 -0.0421 -0.0280 -0.1393 +0.0486 -0.0193 -0.0217 +0.3314 -0.0310 -0.0449 +0.0237 -0.0349 -0.0146 -0.0204
-0.0592 +0.2717 +0.4400 +0.0000 +0.0219 -0.0736 -0.0489 -0.1555 +0.2906 -0.0336 -0.0673 +0.2164 -0.0175 -0.0901 -0.0031 -0.1107 -0.0473 -0.0175
-0.1578 -0.1076 -0.0217 +0.0219 +0.0000 -0.0881 -0.1070 -0.3370 +0.0045 -0.0788 -0.0777 +0.0375 -0.0507 +0.0837 -0.0946 -0.2234 -0.0537 -0.0114
+0.0456 -0.0155 -0.0421 -0.0736 -0.0881 +0.0000 -0.0461 +0.0050 -0.0090 +0.1720 -0.0315 -0.0489 +0.0781 -0.0683 -0.0462 +0.1270 -0.0553 -0.0336
-0.0733 -0.0517 -0.0280 -0.0489 -0.1070 -0.0461 +0.0000 -0.1311 -0.0202 -0.0211 -0.0421 -0.0325 -0.0340 -0.0726 -0.0442 -0.0733 -0.0193 -0.0224
-0.2095 -0.1953 -0.1393 -0.1555 -0.3370 +0.0050 -0.1311 +0.0000 -0.0579 -0.0845 -0.1830 -0.0946 -0.0725 -0.0253 -0.1745 -0.1590 +0.0442 -0.0634
+0.0105 +0.1586 +0.0486 +0.2906 +0.0045 -0.0090 -0.0202 -0.0579 +0.0000 -0.0139 -0.0277 -0.0214 -0.0223 -0.0182 +0.1031 -0.0335 -0.0242 -0.0147
-0.0504 -0.0355 -0.0193 -0.0336 -0.0788 +0.1720 -0.0211 -0.0845 -0.0139 +0.0000 -0.0289 -0.0223 +0.1644 -0.0358 +0.0118 +0.1466 -0.0253 -0.0154
-0.0053 -0.0422 -0.0217 -0.0673 -0.0777 -0.0315 -0.0421 -0.1830 -0.0277 -0.0289 +0.0000 -0.0446 -0.0187 -0.0850 +0.0713 +0.0387 -0.0505 -0.0307
-0.0405 +0.0062 +0.3314 +0.2164 +0.0375 -0.0489 -0.0325 -0.0946 -0.0214 -0.0223 -0.0446 +0.0000 -0.0360 +0.0354 -0.0330 -0.0684 -0.0225 -0.0237
-0.0009 -0.0339 -0.0310 -0.0175 -0.0507 +0.0781 -0.0340 -0.0725 -0.0223 +0.1644 -0.0187 -0.0360 +0.0000 -0.0086 +0.0045 +0.2044 -0.0407 -0.0248
-0.0559 -0.0360 -0.0449 -0.0901 +0.0837 -0.0683 -0.0726 -0.0253 -0.0182 -0.0358 -0.0850 +0.0354 -0.0086 +0.0000 -0.0695 -0.0653 +0.0466 -0.0396
+0.2734 +0.2385 +0.0237 -0.0031 -0.0946 -0.0462 -0.0442 -0.1745 +0.1031 +0.0118 +0.0713 -0.0330 +0.0045 -0.0695 +0.0000 +0.1259 +0.0590 -0.0323
+0.2180 +0.0052 -0.0349 -0.1107 -0.2234 +0.1270 -0.0733 -0.1590 -0.0335 +0.1466 +0.0387 -0.0684 +0.2044 -0.0653 +0.1259 +0.0000 -0.0464 -0.0535
+0.0863 +0.0359 -0.0146 -0.0473 -0.0537 -0.0553 -0.0193 +0.0442 -0.0242 -0.0253 -0.0505 -0.0225 -0.0407 +0.0466 +0.0590 -0.0464 +0.0000 -0.0033
+0.0527 -0.0029 -0.0204 -0.0175 -0.0114 -0.0336 -0.0224 -0.0634 -0.0147 -0.0154 -0.0307 -0.0237 -0.0248 -0.0396 -0.0323 -0.0535 -0.0033 +0.0000
