+0.0000 +0.0326 -0.0019 -0.0055 -0.0258 +0.0040 -0.0044 -0.0370 +0.0004 -0.0021 -0.0004 -0.0026 -0.0001 -0.0071 +0.0232 +0.0277 +0.0062 +0.0024
+0.0326 +0.0000 +0.0016 +0.0192 -0.0134 -0.0010 -0.0024 -0.0263 +0.0049 -0.0011 -0.0026 +0.0003 -0.0017 -0.0035 +0.0154 +0.0005 +0.0020 -0.0001
-0.0019 +0.0016 +0.0000 +0.0178 -0.0016 -0.0016 -0.0007 -0.0108 +0.0009 -0.0004 -0.0008 +0.0093 -0.0009 -0.0025 +0.0009 -0.0019 -0.0005 -0.0004
-0.0055 +0.0192 +0.0178 +0.0000 +0.0026 -0.0047 -0.0022 -0.0200 +0.0086 -0.0010 -0.0040 +0.0101 -0.0008 -0.0083 -0.0002 -0.0102 -0.0025 -0.0006
-0.0258 -0.0134 -0.0016 +0.0026 +0.0000 -0.0099 -0.0083 -0.0765 +0.0002 -0.0043 -0.0081 +0.0031 -0.0044 +0.0136 -0.0103 -0.0365 -0.0049 -0.0007
+0.0040 -0.0010 -0.0016 -0.0047 -0.0099 +0.0000 -0.0019 +0.0006 -0.0003 +0.0050 -0.0018 -0.0022 +0.0036 -0.0060 -0.0027 +0.0111 -0.0027 -0.0010
-0.0044 -0.0024 -0.0007 -0.0022 -0.0083 -0.0019 +0.0000 -0.0110 -0.0004 -0.0004 -0.0016 -0.0010 -0.0011 -0.0044 -0.0018 -0.0044 -0.0007 -0.0005
-0.0370 -0.0263 -0.0108 -0.0200 -0.0765 +0.0006 -0.0110 +0.0000 -0.0033 -0.0050 -0.0206 -0.0084 -0.0067 -0.0044 -0.0205 -0.0281 +0.0044 -0.0039
+0.0004 +0.0049 +0.0009 +0.0086 +0.0002 -0.0003 -0.0004 -0.0033 +0.0000 -0.0002 -0.0007 -0.0004 -0.0005 -0.0007 +0.0028 -0.0014 -0.0006 -0.0002
-0.0021 -0.0011 -0.0004 -0.0010 -0.0043 +0.0050 -0.0004 -0.0050 -0.0002 +0.0000 -0.0008 -0.0005 +0.0036 -0.0015 +0.0003 +0.0062 -0.0006 -0.0002
-0.0004 -0.0026 -0.0008 -0.0040 -0.0081 -0.0018 -0.0016 -0.0206 -0.0007 -0.0008 +0.0000 -0.0018 -0.0008 -0.0068 +0.0039 +0.0031 -0.0023 -0.0009
-0.0026 +0.0003 +0.0093 +0.0101 +0.0031 -0.0022 -0.0010 -0.0084 -0.0004 -0.0005 -0.0018 +0.0000 -0.0012 +0.0022 -0.0014 -0.0044 -0.0008 -0.0005
-0.0001 -0.0017 -0.0009 -0.0008 -0.0044 +0.0036 -0.0011 -0.0067 -0.0005 +0.0036 -0.0008 -0.0012 +0.0000 -0.0006 +0.0002 +0.0136 -0.0015 -0.0006
-0.0071 -0.0035 -0.0025 -0.0083 +0.0136 -0.0060 -0.0044 -0.0044 -0.0007 -0.0015 -0.0068 +0.0022 -0.0006 +0.0000 -0.0058 -0.0082 +0.0033 -0.0018
+0.0232 +0.0154 +0.0009 -0.0002 -0.0103 -0.0027 -0.0018 -0.0205 +0.0028 +0.0003 +0.0039 -0.0014 +0.0002 -0.0058 +0.0000 +0.0107 +0.0028 -0.0010
+0.0277 +0.0005 -0.0019 -0.0102 -0.0365 +0.0111 -0.0044 -0.0281 -0.0014 +0.0062 +0.0031 -0.0044 +0.0136 -0.0082 +0.0107 +0.0000 -0.0033 -0.0024
+0.0062 +0.0020 -0.0005 -0.0025 -0.0049 -0.0027 -0.0007 +0.0044 -0.0006 -0.0006 -0.0023 -0.0008 -0.0015 +0.0033 +0.0028 -0.0033 +0.0000 -0.0001
+0.0024 -0.0001 -0.0004 -0.0006 -0.0007 -0.0010 -0.0005 -0.0039 -0.0002 -0.0002 -0.0009 -0.0005 -0.0006 -0.0018 -0.0010 -0.0024 -0.0001 +0.0000
